W = 8193.347554;
C = 0.02655536953;
Kd = 0.975;
P1 = 19.36e2;
Kb = 1;
Kc = 1;
T = 322.65;
Z = 1;
M = 17;

A = W/(C*Kd*P1*Kb*Kc)*sqrt((T*Z)/M)